2000 6150
1 132
1 424
1 550
1 647
1 747
1 1067
1 1078
1 1242
1 1436
1 1674
1 1865
2 367
2 519
2 1018
2 1505
2 1890
3 203
3 1048
3 1388
3 1567
3 1884
4 91
4 326
4 684
4 1027
4 1105
4 1174
4 1242
4 1256
4 1267
4 1627
5 602
5 1007
5 1039
5 1483
5 1689
5 1801
6 227
6 265
6 399
6 752
6 794
6 950
6 1454
6 1969
7 804
7 1575
7 1591
7 1701
7 1757
7 1782
8 164
8 569
8 657
8 756
8 908
8 1058
8 1535
9 1150
9 1172
9 1330
9 1356
9 1382
10 152
10 457
10 726
10 736
10 913
10 1068
10 1196
10 1314
10 1553
10 1798
11 245
11 311
11 577
11 587
11 1178
11 1253
11 1266
11 1455
12 134
12 152
12 232
12 673
12 763
12 1474
12 1475
12 1735
13 30
13 38
13 220
13 245
13 1087
13 1227
13 1550
13 1828
14 419
14 564
14 800
14 837
14 871
14 995
14 1204
15 446
15 463
15 672
16 74
16 346
16 395
16 1199
16 1444
16 1551
16 1595
16 1717
17 347
17 531
17 786
17 1164
17 1311
18 1530
18 1643
18 1900
19 1065
19 1139
19 1525
20 219
20 712
20 1749
21 102
21 415
21 1377
21 1903
22 110
22 707
22 1058
22 1387
22 1436
22 1599
22 1716
23 522
23 684
23 1174
23 1189
23 1400
23 1557
24 105
24 336
24 458
24 487
24 493
24 600
24 738
24 833
24 996
24 1355
24 1430
24 1836
25 457
25 519
25 787
25 1052
25 1117
25 1288
25 1300
25 1407
25 1474
25 1671
26 82
26 249
26 522
26 552
26 1136
26 1575
27 603
27 843
27 1341
28 536
28 884
28 1022
28 1150
28 1248
28 1378
28 1662
28 1713
28 1911
29 311
29 583
29 651
29 778
29 898
29 1301
29 1501
30 249
30 1018
30 1149
30 1891
31 388
31 1187
31 1406
31 1479
31 1847
31 1950
32 399
32 446
32 603
32 990
32 1005
32 1022
32 1072
32 1147
32 1459
32 1670
32 1692
32 1768
32 1905
33 36
33 201
33 1428
33 1496
33 1725
33 1757
33 1809
33 1955
34 218
34 235
34 476
34 688
34 723
34 941
34 1889
35 988
36 629
36 731
36 842
36 1153
36 1300
36 1646
36 1694
36 1962
37 285
37 442
37 920
37 1121
37 1334
37 1413
38 120
38 261
38 605
38 668
38 725
38 1360
38 1420
38 1651
38 1685
38 1944
39 1107
39 1525
40 313
40 362
40 1659
40 1661
41 587
41 616
41 738
41 886
41 901
41 1646
42 252
42 465
42 730
42 1085
42 1307
42 1745
43 267
43 275
43 366
43 775
43 997
43 1248
43 1369
43 1421
43 1539
43 1682
43 1937
43 1997
44 424
44 849
44 1196
44 1314
44 1472
44 1568
44 1674
44 1695
44 1772
45 1376
45 1498
45 1705
46 580
46 768
46 1062
46 1110
46 1827
47 126
47 884
47 1221
47 1280
48 294
48 683
48 904
48 1758
48 1853
48 1983
49 52
49 164
49 744
49 781
49 1032
49 1446
49 1466
49 1865
50 662
50 797
50 798
50 878
50 1556
50 1832
51 120
51 430
51 491
51 564
51 724
51 1264
51 1772
52 1251
52 1404
52 1965
53 156
53 825
53 1063
54 199
54 513
54 650
54 993
54 1623
55 320
55 339
55 682
55 696
55 1142
56 87
56 338
56 598
56 717
56 892
56 1232
56 1876
56 1956
57 123
57 668
57 692
57 1324
58 312
58 815
58 1047
58 1088
58 1100
58 1960
59 621
59 1099
59 1552
59 1567
59 1627
59 1679
59 1965
60 167
60 244
60 516
60 1026
60 1592
60 1594
60 1682
61 98
61 723
61 988
61 1008
61 1187
62 523
62 867
62 902
62 1155
62 1790
62 1952
63 111
63 443
63 637
63 953
63 994
63 1015
63 1977
64 109
64 212
64 797
64 878
64 961
64 1131
64 1277
64 1348
64 1488
64 1750
64 1900
64 1914
64 1986
65 360
65 561
65 618
65 1311
65 1332
65 1385
65 1428
65 1686
66 268
66 322
66 444
66 471
66 1165
66 1518
66 1683
66 1745
66 1843
66 1881
66 1939
67 227
67 816
67 1132
67 1548
68 313
68 773
68 1222
68 1877
68 1972
69 165
69 606
69 732
69 960
69 1643
70 331
70 343
70 665
70 887
70 1384
71 445
71 657
71 777
71 828
71 996
71 1321
71 1651
72 242
72 531
72 535
72 876
72 913
73 415
73 671
73 769
73 863
73 1234
73 1439
73 1644
74 78
74 394
74 541
74 610
74 1995
75 154
75 916
75 1214
75 1638
76 247
76 384
76 391
76 968
76 1443
77 1042
77 1736
77 1919
78 316
78 366
78 618
78 971
78 1054
78 1168
78 1585
78 1676
79 208
79 314
79 383
79 782
79 971
79 1013
79 1325
79 1882
79 1995
80 510
80 1408
81 125
81 616
81 743
81 1376
81 1391
81 1987
82 292
82 487
82 1360
82 1588
82 1659
82 1731
82 1904
83 186
83 258
83 284
83 394
83 1503
83 1591
83 1964
84 292
84 1757
85 241
85 756
85 955
85 1389
85 1498
85 1572
85 1657
85 1857
85 1935
86 381
86 1961
87 321
87 452
87 479
87 611
87 1375
87 1504
87 1647
87 1756
88 140
88 1126
88 1200
88 1392
88 1499
89 111
89 147
89 223
89 419
89 739
89 933
89 1704
89 1715
89 1785
89 1848
89 1885
89 1900
90 96
90 113
90 325
90 490
90 1217
90 1313
90 1347
90 1698
90 1893
90 1963
91 318
91 531
92 288
92 1158
92 1572
93 369
93 594
93 690
93 908
93 1188
93 1362
93 1617
94 660
94 1170
94 1233
94 1291
94 1384
94 1470
94 1635
95 119
95 144
95 560
95 1279
95 1383
95 1650
95 1782
95 1802
95 1816
96 226
96 1166
96 1188
96 1514
96 1631
96 1662
96 1777
96 1841
96 1974
97 108
97 156
97 793
97 1124
97 1505
97 1778
98 682
98 696
98 1626
99 203
99 257
99 549
99 953
99 1124
99 1148
99 1457
99 1485
99 1614
99 1877
100 161
100 232
100 746
100 810
100 855
100 864
100 1095
101 1061
102 112
102 895
102 1003
102 1413
102 1490
103 193
103 371
103 930
103 1602
103 1628
104 116
104 405
104 519
104 530
104 544
104 1157
104 1283
104 1443
105 772
105 1444
105 1468
105 1508
105 1797
105 1830
106 552
106 687
106 792
106 1075
106 1260
107 143
107 206
107 300
107 1264
107 1780
108 1243
109 601
109 1041
109 1063
109 1095
109 1463
109 1775
109 1861
110 485
110 947
110 1033
110 1606
110 1772
110 1827
111 221
111 539
111 1273
111 1526
111 1902
111 1911
111 1975
112 291
112 717
112 1037
112 1298
112 1299
112 1915
113 179
113 335
113 349
113 574
113 606
113 805
113 1241
113 1886
113 1990
114 453
114 692
114 953
114 958
114 1023
114 1249
114 1871
115 657
115 1010
115 1323
115 1378
115 1412
116 181
116 349
116 383
116 389
116 536
116 544
116 759
117 123
117 544
117 1866
118 316
118 679
118 903
119 534
119 661
119 1319
119 1323
119 1556
119 1864
120 403
120 942
120 1329
120 1349
120 1523
120 1548
120 1972
121 511
121 1038
121 1399
122 907
122 1167
122 1192
122 1202
122 1494
122 1626
122 1725
122 1783
122 1884
123 266
123 1388
123 1561
123 1590
123 1886
124 440
124 1026
124 1072
124 1724
125 170
125 1672
126 246
126 1450
126 1515
126 1728
127 513
127 1145
127 1457
127 1756
128 468
128 881
128 1301
128 1333
128 1450
128 1513
129 280
129 318
129 584
129 994
129 1106
129 1570
130 674
130 1077
130 1468
130 1616
130 1714
131 1035
131 1082
131 1541
132 320
132 618
132 1394
132 1810
132 1848
133 253
133 360
133 668
133 726
133 1081
133 1253
133 1539
133 1607
133 1640
133 1860
134 459
134 617
135 590
135 969
135 1213
135 1229
135 1456
135 1472
135 1781
135 1820
136 176
136 647
136 1466
136 1616
136 1671
136 1825
136 1846
136 1852
137 437
137 630
137 930
138 1319
138 1423
138 1892
139 476
140 220
140 727
141 307
141 358
141 763
141 834
141 865
141 1042
141 1057
141 1646
141 1665
142 627
142 1026
142 1720
142 1800
142 1868
143 399
143 867
143 1115
143 1300
143 1376
143 1444
143 1488
144 657
144 923
144 1195
145 920
145 1189
145 1604
145 1746
146 215
146 968
146 1148
146 1212
146 1322
146 1456
146 1604
147 347
147 949
147 1295
147 1575
147 1589
147 1976
148 867
148 1033
148 1260
148 1294
148 1954
149 493
149 544
149 724
149 976
149 1157
149 1243
149 1427
149 1616
150 229
150 236
150 302
150 1164
150 1933
151 581
151 1190
152 293
152 336
152 472
152 521
152 994
152 1034
152 1217
152 1266
152 1996
153 157
153 204
153 583
153 1141
153 1160
153 1339
154 315
154 389
154 562
154 963
154 1138
154 1598
154 1854
154 1946
155 667
155 775
155 1473
155 1477
155 1567
155 1572
155 1722
156 221
156 355
156 564
156 590
156 750
156 1073
156 1140
156 1187
157 206
157 334
157 894
157 1096
157 1162
157 1501
157 1609
157 1758
158 187
158 1122
158 1153
159 421
159 594
159 823
159 1226
160 628
160 1048
160 1068
160 1490
160 1574
160 1788
160 1981
161 214
161 389
161 629
161 902
161 1022
162 254
162 479
162 504
162 534
162 1604
162 1901
163 310
163 343
163 839
163 1042
163 1474
163 1646
163 1774
163 1802
164 244
164 265
164 470
164 1016
164 1198
164 1474
165 191
165 354
165 805
165 1231
165 1372
165 1657
166 755
166 828
166 916
166 1003
166 1011
166 1396
166 1436
166 1725
166 1784
167 268
167 322
167 391
167 564
167 851
167 1460
167 1581
167 1788
167 1849
168 210
168 1396
168 1732
169 395
169 659
169 780
169 899
169 902
170 283
170 353
170 499
170 910
170 1190
170 1966
171 319
171 1181
172 375
172 595
172 631
172 1221
172 1391
172 1508
172 1913
172 1975
173 542
173 573
173 1496
174 678
174 1213
174 1612
174 1924
175 670
175 1111
175 1151
175 1647
175 1885
176 1532
177 232
177 479
177 1153
177 1530
177 1712
178 557
178 940
178 1006
179 393
179 485
179 507
179 680
179 1072
179 1725
180 381
180 506
180 521
180 560
180 577
180 853
180 1034
180 1066
180 1843
181 978
181 1686
182 406
182 515
182 996
182 1759
182 1876
183 228
183 243
183 578
183 591
183 914
183 1001
183 1401
183 1439
183 1716
183 1844
184 388
184 478
184 614
184 973
184 1183
185 590
185 729
185 870
185 924
185 1064
185 1823
185 1913
186 665
186 892
186 987
186 1119
186 1535
187 874
187 1738
187 1816
187 1867
188 522
188 661
188 765
188 981
188 1204
188 1278
188 1541
188 1881
189 286
189 891
189 907
189 1332
189 1511
189 1650
190 849
190 1519
190 1700
191 776
191 1022
191 1285
191 1668
191 1696
191 1721
192 544
192 626
192 636
192 851
192 983
192 1075
192 1252
192 1531
192 1711
193 387
193 1040
193 1043
193 1102
193 1502
194 1005
194 1013
194 1092
195 316
195 821
195 1245
195 1419
195 1551
195 1586
196 561
196 568
196 580
196 645
196 1567
196 1718
197 402
197 484
197 1038
197 1464
197 1483
197 1873
197 1911
198 318
198 382
198 388
198 1112
199 469
199 471
199 541
199 631
199 1080
200 239
200 277
200 297
200 420
200 1140
200 1487
200 1596
201 718
201 895
201 1218
201 1351
201 1958
202 718
202 1628
202 1777
202 1986
203 337
203 1038
203 1141
203 1142
203 1592
203 1629
203 1855
204 337
204 929
204 1178
204 1233
204 1652
204 1988
205 485
205 860
205 1255
206 706
206 1007
206 1608
206 1643
206 1671
207 246
207 508
207 614
207 763
207 1027
207 1851
207 1871
208 1557
209 292
209 1421
210 470
210 865
210 932
210 1187
210 1358
210 1601
210 1734
210 1928
210 1939
211 439
211 857
211 1086
212 697
212 773
212 777
212 792
212 1274
212 1924
213 636
213 1132
213 1426
213 1630
214 222
214 331
214 961
214 1505
214 1607
215 364
215 1197
215 1519
215 1644
215 1761
216 279
216 304
216 313
216 517
216 642
216 720
216 1486
217 329
217 934
217 1016
217 1265
217 1491
217 1816
218 399
218 443
218 699
218 1020
218 1462
218 1483
218 1753
219 285
219 320
219 718
219 813
219 892
219 1295
219 1778
220 221
220 663
220 865
220 1240
220 1314
220 1387
220 1628
220 1709
220 1855
221 321
221 445
221 489
221 611
221 690
221 798
221 950
221 1379
221 1523
222 423
222 1074
222 1291
222 1301
222 1528
222 1883
223 249
223 327
223 898
223 928
223 1128
223 1609
223 1653
223 1682
223 1952
224 447
224 1484
224 1499
225 1683
225 1853
226 438
226 1108
226 1417
226 1468
227 617
227 766
227 1516
228 1218
228 1251
228 1469
228 1492
228 1988
229 387
229 962
229 1633
229 1878
230 275
230 371
230 533
230 673
230 1039
230 1053
230 1254
230 1353
230 1420
230 1640
231 584
231 681
231 800
231 833
232 277
232 853
232 1351
232 1859
233 457
233 604
233 955
233 1106
233 1358
233 1639
233 2000
234 819
234 1460
234 1512
234 1646
234 1804
235 679
235 832
235 972
235 1234
235 1314
235 1489
235 1606
235 1885
236 386
236 506
236 566
236 1134
236 1409
236 1836
236 1856
236 1872
236 1936
237 275
237 280
237 349
237 657
237 1014
237 1238
237 1351
237 1369
238 260
238 405
238 1584
238 1605
238 1873
239 273
239 419
239 617
239 1181
240 350
240 351
240 538
240 576
240 706
240 1056
240 1143
240 1227
240 1509
240 1656
241 746
241 810
241 1280
241 1330
241 1543
242 314
242 446
242 689
242 725
242 789
242 1426
242 1790
243 368
243 888
243 923
243 1249
243 1321
244 336
244 613
244 712
244 1975
245 268
245 884
245 1398
245 1695
245 1955
246 277
246 498
246 775
246 1159
247 657
247 724
247 915
247 921
247 961
247 1029
247 1447
247 1458
247 1590
247 1967
248 274
248 367
248 426
248 515
248 687
248 1051
248 1233
248 1262
248 1454
248 1623
248 1641
249 286
249 1065
250 917
250 951
250 1191
250 1219
250 1576
251 894
251 1218
251 1224
252 484
252 563
252 815
252 1043
252 1549
252 1751
252 1978
253 266
253 860
253 1412
253 1609
254 286
254 594
254 1343
254 1739
255 1092
255 1376
255 1704
255 1863
255 1870
256 1191
257 272
257 530
258 446
258 1068
258 1168
258 1526
258 1931
259 620
259 985
259 1565
260 329
260 811
261 316
261 434
261 985
261 1853
262 1056
262 1628
263 1668
263 1994
264 280
264 682
264 1246
264 1951
264 1962
265 357
265 927
265 1075
265 1692
265 1975
266 501
266 866
266 1389
266 1557
267 275
267 495
268 1437
269 415
269 467
269 661
269 796
269 1063
269 1479
269 1626
269 1713
269 1775
270 304
270 367
270 389
270 1744
270 1994
271 691
271 916
271 1113
271 1350
271 1551
272 1375
272 1597
272 1996
273 327
273 708
273 759
273 1272
273 1568
273 1995
274 1626
274 1946
274 1982
275 299
275 341
275 424
275 626
275 673
275 1278
275 1336
276 852
276 943
276 981
276 987
276 1052
276 1192
276 1298
276 1342
276 1572
276 1615
276 1858
276 1952
277 516
277 986
277 1104
277 1541
278 407
278 793
278 853
278 857
278 858
278 1096
278 1254
278 1296
278 1460
279 753
279 826
279 1223
279 1279
279 1606
279 1858
280 1359
281 1045
281 1199
281 1380
281 1652
281 1902
282 554
282 573
282 1165
282 1322
282 1662
282 1834
283 390
283 910
284 1225
284 1610
284 1998
285 388
285 643
285 788
285 948
285 1068
285 1794
285 1990
286 763
286 1271
286 1817
286 1961
286 1991
287 368
287 1181
287 1493
287 1717
288 369
288 695
288 850
288 1072
288 1159
288 1336
288 1362
289 850
289 1076
289 1243
289 1548
289 1697
289 1747
289 1945
289 1998
290 766
290 930
290 1322
290 1894
290 1980
291 724
291 820
291 1097
291 1164
291 1453
292 748
292 929
292 1835
292 1860
293 461
294 379
294 396
294 468
294 479
294 558
294 602
294 764
295 304
295 309
295 581
295 823
295 1523
295 1563
295 1909
296 304
296 438
296 565
296 620
296 856
296 959
297 1610
298 420
298 430
298 719
298 1645
298 1810
299 473
299 1018
299 1156
300 920
300 1148
300 1157
300 1439
300 1664
300 1746
301 1066
302 1300
302 1392
302 1441
302 1628
303 1238
303 1314
303 1632
303 1643
303 1929
304 871
304 927
304 995
304 1031
304 1302
304 1418
305 358
305 770
305 998
305 2000
306 1330
306 1536
306 1735
306 1773
306 1803
307 1249
308 914
308 1739
309 461
309 614
309 669
309 751
309 1000
309 1293
309 1752
309 1777
310 672
310 1022
310 1506
310 1568
310 1628
310 1645
310 1767
310 1799
311 808
311 1429
312 656
312 1332
312 1792
312 1813
312 1902
313 690
313 931
314 483
314 1585
314 1823
315 374
315 607
315 639
315 1289
315 1842
316 317
316 1172
316 1380
316 1820
316 1981
317 622
317 1682
317 1741
317 1963
318 347
318 631
318 921
318 959
318 1585
318 1599
319 676
319 715
319 1541
319 1604
319 1789
319 1947
320 355
320 962
320 1281
320 1836
321 435
321 931
321 1013
321 1864
322 1747
322 1790
323 423
323 534
323 1245
323 1817
324 497
324 983
324 1279
324 1450
324 1639
324 1642
324 1724
324 1855
325 802
325 1190
325 1449
325 1456
325 1629
326 383
326 384
326 388
326 576
326 651
326 950
326 1110
327 511
327 813
327 1422
327 1591
327 1817
328 662
328 1034
328 1562
329 757
329 778
329 986
329 996
329 1057
329 1210
330 334
330 524
330 869
330 1041
330 1062
330 1282
331 444
331 679
331 1697
331 1850
332 704
332 1099
333 875
333 1273
333 1288
333 1933
334 419
334 528
334 1101
334 1354
335 431
335 633
335 818
335 979
335 1111
335 1120
335 1433
335 1544
335 1751
335 1808
336 479
336 699
336 793
336 909
336 1463
336 1467
336 1471
336 1748
337 534
337 624
337 741
337 1007
337 1112
337 1655
337 1900
338 444
338 1205
338 1276
338 1298
338 1689
338 1737
339 448
339 512
339 759
339 801
339 1240
339 1329
339 1833
339 1867
340 493
340 591
340 642
340 698
340 893
340 1284
340 1548
340 1659
341 585
341 709
341 1177
341 1569
341 1783
342 600
342 1286
342 1446
342 1613
343 625
343 774
343 1017
344 489
344 642
344 819
344 832
344 841
344 996
344 1398
344 1404
344 1429
344 1574
345 484
345 946
345 1668
345 1742
345 1878
345 1982
347 743
347 831
347 861
347 963
347 1206
347 1211
347 1218
348 627
348 1244
348 1500
348 1617
349 663
349 688
349 713
349 1010
349 1059
349 1531
349 1804
349 1978
350 654
350 894
350 1253
350 1783
350 1802
350 1821
351 371
351 1271
351 1415
351 1667
352 622
352 659
352 779
352 1375
352 1507
353 478
353 517
353 532
353 774
353 839
353 865
353 899
353 947
354 413
354 453
354 819
354 1984
355 759
355 1153
355 1170
355 1398
355 1550
355 1783
356 432
356 507
356 721
356 1028
356 1118
356 1282
356 1621
357 398
357 463
357 516
357 530
357 1157
358 621
358 928
358 1171
358 1420
358 1436
358 1676
358 1929
359 1035
359 1628
359 1904
359 1937
361 1144
361 1314
361 1450
362 493
362 1009
362 1720
362 1790
362 1833
363 518
363 697
363 809
363 1110
363 1367
363 1537
363 1719
364 455
364 561
364 763
364 1531
364 1664
364 1749
365 657
365 1323
365 1445
365 1465
365 1727
365 1924
365 1934
366 483
366 987
366 1606
366 1743
366 1891
367 986
367 1599
368 870
368 1340
368 1936
369 490
369 496
369 537
369 661
369 1017
369 1233
369 1798
369 1827
370 913
370 1048
370 1190
370 1630
370 1934
371 518
371 604
371 1090
371 1099
371 1405
371 1978
372 993
372 1347
372 1367
372 1472
373 1113
373 1241
373 1324
373 1620
373 1687
374 661
374 1185
374 1297
374 1339
374 1709
374 1863
375 611
375 613
375 787
375 791
375 802
375 933
375 1075
375 1647
376 533
376 924
376 938
376 1096
376 1229
376 1273
376 1576
376 1717
376 1825
376 1909
377 515
377 822
377 1749
377 1961
378 1742
379 566
379 638
379 1021
379 1662
379 1762
380 712
380 1435
380 1653
380 1767
382 515
382 1407
382 1710
383 795
383 1159
384 882
384 901
384 1308
384 1421
384 1545
384 1710
385 902
385 1070
385 1198
385 1742
385 1990
386 570
386 636
386 948
386 1333
387 559
387 855
387 968
387 1005
387 1179
387 1436
387 1511
388 703
388 1139
388 1286
388 1669
388 1699
388 1947
389 935
389 1147
389 1374
389 1537
390 893
390 1243
391 488
391 980
391 1013
391 1047
391 1048
391 1751
392 917
392 954
392 1004
392 1447
392 1612
393 1041
393 1399
393 1489
393 1631
393 1966
394 627
394 653
394 680
394 1177
394 1421
395 640
395 648
395 840
395 1434
395 1547
396 1868
397 502
397 1034
397 1250
397 1683
398 435
398 690
398 813
398 1487
399 1045
399 1210
399 1422
399 1766
399 1912
399 1961
399 1965
400 503
400 1042
400 1311
400 1901
400 1966
401 819
401 1066
401 1193
401 1237
401 1683
401 1936
402 711
402 1170
402 1356
402 1927
403 544
403 895
403 1747
403 1803
404 638
404 713
404 821
404 1157
404 1208
404 1244
404 1470
404 1603
404 1686
405 596
405 850
405 973
405 1554
405 1824
406 652
406 756
406 765
406 1066
406 1232
406 1714
407 428
407 443
407 762
407 1058
407 1179
407 1210
408 550
408 905
408 1002
408 1198
408 1811
408 1918
409 438
409 940
409 1049
409 1627
410 633
410 866
410 1033
410 1034
410 1212
410 1247
410 1722
410 1821
410 1890
411 422
411 513
411 665
411 1681
412 567
412 999
412 1817
412 1859
413 538
413 878
413 1369
413 1856
414 471
414 1102
414 1566
414 1572
415 892
415 923
415 1008
415 1089
415 1285
415 1496
415 1788
415 1809
416 543
416 708
416 1807
416 1862
416 1946
416 1996
417 522
417 1269
417 1636
418 463
418 600
418 730
418 1155
418 1727
418 1732
418 1761
418 1967
418 1994
419 1127
419 1404
419 1927
419 1959
420 606
420 669
420 1019
420 1336
420 1693
421 494
421 1356
421 1759
422 444
422 1088
422 1315
422 1577
423 1463
423 1611
423 1822
424 465
424 1000
424 1827
425 679
425 874
425 1726
425 1858
426 1453
426 1467
427 457
427 1422
427 1738
427 1913
428 506
428 850
428 961
428 999
428 1910
429 782
429 1151
429 1275
430 1650
431 489
431 941
431 1449
431 1567
432 826
432 1258
432 1274
433 1158
433 1365
433 1770
433 1823
433 1968
434 484
434 498
434 939
434 1850
435 879
435 1033
436 719
436 981
436 1278
436 1398
437 696
437 973
437 1276
437 1413
438 467
438 810
438 835
439 744
439 841
439 1197
439 1474
439 1701
440 1591
440 1977
441 818
441 1046
441 1173
441 1232
441 1430
441 1553
441 1616
442 605
442 689
443 714
443 719
443 948
443 1597
444 522
444 1018
444 1332
444 1841
444 1898
445 831
445 867
445 921
445 1219
445 1568
445 1594
446 545
446 976
446 1575
446 1704
447 635
447 668
447 701
447 863
447 1294
447 1550
448 486
448 730
448 754
448 1003
448 1126
448 1294
448 1880
449 630
449 1241
449 1549
449 1852
450 508
450 1699
450 1885
451 970
451 1101
451 1192
451 1256
451 1543
451 1948
451 1985
451 1988
452 785
452 1065
452 1297
452 1340
452 1643
453 497
453 1511
453 1818
453 1855
454 465
454 533
454 534
454 927
454 1431
455 667
455 1343
455 1377
455 1515
455 1736
455 1792
455 1796
455 1987
456 778
456 1005
456 1191
456 1578
457 595
457 633
457 662
457 867
457 1166
457 1563
458 851
458 1005
458 1479
458 1490
458 1587
458 1855
458 1858
458 1996
459 949
459 953
459 1118
459 1662
459 1898
460 568
460 1039
460 1351
460 1927
461 965
461 972
461 994
461 1413
461 1972
462 1082
462 1138
462 1202
463 685
463 927
463 961
464 583
464 807
464 856
464 1461
464 1702
464 1716
464 1822
465 756
465 1323
465 1468
465 1847
466 589
466 592
466 964
466 1146
466 1445
466 1472
466 1618
467 701
467 1521
467 1725
468 593
468 1377
468 1463
469 608
469 899
469 908
469 972
469 1423
469 1452
470 787
470 1893
471 516
471 520
471 639
471 783
471 1333
471 1412
471 1494
471 1582
471 1620
471 1636
472 511
472 743
472 761
472 1284
472 1495
473 550
473 754
473 907
473 1106
473 1848
474 549
474 576
474 969
474 1119
474 1657
474 1757
475 860
475 1799
475 1939
476 564
476 688
477 818
477 970
477 1260
477 1459
477 1528
477 1957
478 770
478 776
478 1129
479 732
479 1421
479 1481
479 1827
480 817
480 1178
480 1801
480 1943
480 1979
481 873
481 1134
481 1136
482 1577
482 1655
483 502
483 1156
483 1263
483 1579
483 1981
484 736
484 746
484 811
484 819
484 820
484 937
484 1162
484 1354
485 781
485 1057
485 1092
485 1294
485 1313
485 1412
485 1429
486 988
486 1856
487 873
487 1769
487 1806
488 624
488 753
488 833
488 1025
488 1157
488 1435
489 587
489 1124
489 1154
489 1376
490 564
490 653
490 666
490 923
490 1432
491 705
491 1285
491 1931
492 754
492 1962
493 716
493 1059
493 1263
493 1714
493 1790
494 878
494 1053
494 1173
494 1218
494 1278
494 1949
494 1968
495 542
496 498
496 1133
496 1273
496 1429
497 582
497 1160
497 1196
497 1450
497 1916
498 575
498 817
498 986
498 1353
498 1685
498 1878
498 1999
499 749
499 1065
499 1107
499 1170
499 1248
499 1479
499 1623
499 1647
499 1760
499 1977
500 1459
500 1661
500 1698
501 1172
501 1393
501 1925
502 633
502 1375
502 1961
503 588
503 788
503 838
503 911
503 1254
503 1639
503 1800
504 793
504 807
504 1029
504 1359
504 1735
505 817
505 1322
505 1878
507 1403
507 1521
507 1640
507 1742
508 796
508 1543
508 1858
509 511
509 532
509 655
509 1075
509 1091
509 1100
509 1256
509 1390
509 1525
509 1809
510 950
510 1303
510 1383
510 1815
511 874
511 1030
511 1103
511 1304
512 793
512 888
512 991
512 1280
512 1423
512 1567
513 1273
514 1704
514 1800
515 729
515 1682
515 1925
515 1954
516 517
516 883
516 1343
516 1470
516 1725
516 1987
517 674
517 1348
517 1427
517 1806
517 1971
518 1265
518 1592
518 1645
518 1692
518 1773
518 1955
518 1957
518 1962
519 544
519 1644
519 1865
520 723
520 986
520 1522
520 1993
521 891
521 1480
521 1600
521 1771
522 684
522 768
522 783
522 858
522 896
522 1051
522 1443
522 1483
522 1631
522 1741
523 785
523 1176
523 1663
523 1775
523 1869
524 590
524 770
524 836
524 975
524 1148
524 1394
525 742
525 867
525 1111
525 1202
525 1268
525 1502
525 1518
525 1630
526 776
526 818
526 1145
526 1485
526 1514
526 1817
527 528
527 848
527 856
527 1279
527 1926
528 1366
528 1551
529 778
529 1993
530 614
530 900
530 1142
530 1487
531 589
531 1291
531 1750
533 1046
533 1080
533 1250
533 1746
534 881
534 1269
534 1281
535 1406
536 1032
536 1180
536 1236
536 1944
537 550
537 846
537 855
537 1512
538 621
538 842
538 1168
538 1449
538 1537
538 1831
538 1852
538 2000
539 858
539 1224
540 1235
540 1830
541 696
541 909
541 929
542 1025
542 1130
542 1766
542 1960
543 614
543 1349
543 1623
543 1870
544 570
544 1688
544 1728
545 794
545 853
545 998
545 1135
545 1234
545 1363
545 1458
545 1508
545 1894
545 1907
546 1440
546 1938
547 1196
547 1272
548 680
548 900
548 976
548 1590
548 1861
549 861
549 919
549 1152
549 1529
549 1629
549 1951
550 960
550 1147
550 1704
550 1830
551 599
551 1430
552 928
552 1459
553 800
553 1005
553 1151
553 1350
553 1531
554 591
554 847
554 1819
554 1863
554 1901
555 1079
555 1213
555 1306
555 1897
556 882
556 903
556 1219
556 1522
556 1723
557 675
557 1050
557 1115
557 1404
557 1455
557 1675
557 1988
557 1998
558 1421
558 1916
559 1045
559 1104
559 1213
559 1585
560 1706
561 644
561 869
561 907
561 958
561 1024
561 1198
561 1332
561 1559
561 1578
562 869
562 1610
562 1611
562 1742
563 695
563 981
563 1212
563 1775
563 1969
564 890
564 1239
564 1536
564 1624
564 1823
564 1950
565 781
565 1180
565 1240
565 1340
565 1362
566 633
566 708
566 856
566 1114
566 1344
566 1388
566 1447
566 1587
566 1602
566 1704
566 1805
567 863
567 898
567 1045
567 1279
567 1497
568 742
568 1114
568 1163
568 1872
569 729
569 1018
569 1278
569 1763
569 1807
569 1937
570 576
570 624
570 625
570 1455
571 678
571 694
571 746
571 855
571 859
571 1073
571 1076
571 1328
571 1416
571 1996
572 624
572 780
572 900
572 978
572 1125
572 1141
573 1474
573 1574
573 1758
573 1769
574 1501
574 1624
575 712
575 1198
575 1387
575 1470
576 1848
577 710
577 884
577 1183
577 1372
577 1766
577 1949
578 654
578 990
578 1188
578 1415
578 1706
578 1812
579 685
579 742
579 905
579 944
579 1031
579 1494
580 767
580 1168
580 1514
580 1933
581 1644
581 1660
581 1707
582 1195
582 1828
583 988
583 1064
583 1211
583 1259
583 1462
583 1485
583 1996
584 1233
584 1344
584 1527
584 1537
584 1593
584 1852
584 1897
585 637
585 1453
585 1798
585 1960
586 600
586 1007
586 1070
587 638
587 923
587 1070
587 1295
587 1567
588 872
588 927
588 1813
589 881
589 900
589 1779
590 973
590 1103
590 1612
590 1805
591 1069
592 749
592 956
592 1053
592 1408
593 727
593 779
593 1156
593 1235
593 1433
593 1795
593 1842
594 695
594 836
594 1082
594 1277
594 1307
594 1373
594 1446
594 1884
594 1959
595 1252
595 1485
595 1560
596 688
596 1497
597 701
597 830
597 1229
597 1875
597 1964
598 789
598 833
598 1097
598 1356
598 1438
599 995
599 1063
599 1656
600 786
600 1239
600 1535
601 1018
601 1182
602 758
602 886
602 1375
602 1693
602 1869
602 1974
603 778
603 894
603 1115
603 1245
603 1369
603 1686
603 1762
603 1779
603 1805
604 748
604 1022
604 1466
604 1600
604 1642
605 793
605 1451
605 1957
606 821
606 856
606 1507
606 1771
607 854
607 898
607 1036
607 1281
607 1656
608 900
608 1166
608 1477
608 1848
608 1977
609 1645
610 722
610 848
610 892
610 1937
611 1062
611 1540
611 1953
612 865
612 1055
612 1187
613 1522
613 1589
613 1617
613 1887
614 628
614 1309
614 1901
615 896
615 1219
615 1733
615 1809
615 1976
616 797
616 877
616 1161
616 1181
616 1190
616 1326
616 1540
616 1554
616 1765
617 1003
617 1389
617 1669
617 1936
618 819
618 1010
618 1397
618 1402
618 1746
618 1756
619 1586
619 1609
619 1619
619 1867
619 1984
620 1015
620 1225
620 1461
620 1999
621 980
622 780
622 801
622 810
622 1153
622 1264
622 1446
622 1531
622 1564
622 1735
622 1926
623 770
623 910
623 985
623 1342
623 1391
623 1507
623 1519
623 1705
623 1815
624 705
624 772
624 863
624 891
624 1067
624 1100
624 1174
624 1574
624 1681
625 1029
625 1635
625 1744
626 746
626 1046
626 1140
626 1392
626 1481
626 1580
626 1607
626 1676
626 1781
626 1961
626 1997
627 1215
627 1403
627 1476
628 827
628 861
628 1190
628 1241
628 1528
628 1671
628 1925
629 960
629 1025
629 1029
629 1352
629 1409
629 1533
630 1115
630 1438
630 1483
630 1903
630 1953
631 1131
631 1274
631 1682
631 1786
632 866
632 1654
632 1924
634 917
634 968
634 1271
634 1352
634 1860
635 1642
636 724
636 881
636 1064
636 1066
636 1193
636 1447
636 1461
636 1513
636 1594
636 1875
637 650
637 1211
637 1672
638 679
638 1416
638 1965
639 709
639 816
639 1214
639 1276
639 1304
639 1709
639 1961
640 1237
640 1738
640 1840
640 1850
641 997
641 1166
641 1560
641 1622
641 1923
642 889
642 1017
642 1266
642 1339
642 1349
642 1480
643 1073
643 1103
643 1254
643 1328
643 1762
644 1147
644 1245
644 1274
644 1927
645 1194
645 1703
645 1916
646 1006
646 1074
646 1327
646 1547
647 1244
648 1299
648 1426
648 1451
648 1648
649 699
649 794
649 1040
649 1135
649 1337
649 1397
650 887
650 891
650 1821
650 1851
650 1891
650 1922
650 1955
651 730
651 955
651 1392
651 1489
651 1577
652 1323
652 1774
653 1657
653 1899
653 1960
654 713
654 973
655 676
655 949
655 963
655 1062
655 1386
655 1724
655 1833
656 1605
656 1772
656 1785
657 1657
658 1674
659 728
659 1028
659 1034
659 1220
659 1233
659 1345
659 1984
660 713
660 1364
660 1386
660 1877
661 793
661 1059
661 1269
661 1412
661 1469
661 1502
661 1509
662 892
662 931
662 1252
662 1284
662 1562
662 1722
663 1018
663 1211
663 1257
663 1681
663 1778
663 1800
664 696
664 960
664 1080
664 1760
664 1968
665 1096
665 1476
665 1725
665 1878
666 690
667 1230
668 1016
668 1045
668 1267
668 1370
668 1495
669 680
669 1301
669 1396
669 1890
669 1952
670 1040
670 1064
670 1193
670 1235
670 1893
671 802
671 860
671 1823
671 1843
672 816
672 1106
672 1396
672 1768
672 1785
672 1827
672 1882
672 1929
673 738
673 912
673 1185
673 1997
674 1049
674 1612
675 1016
675 1032
676 806
676 1517
677 700
677 743
677 872
677 874
677 1294
677 1719
677 1835
677 1849
678 969
678 1173
678 1762
678 1997
679 1364
679 1992
680 895
680 1168
680 1212
680 1862
681 696
681 800
681 923
681 1025
681 1934
681 1997
682 842
682 999
682 1496
682 1836
683 1561
683 1864
684 1036
685 1208
685 1244
685 1264
685 1296
685 1988
686 945
686 1053
686 1159
686 1293
686 1425
687 860
687 881
687 1462
687 1651
687 1671
688 732
688 744
688 929
688 1748
689 1985
690 748
690 1120
690 1318
690 1708
690 1781
690 1845
691 1258
691 1528
691 1810
691 1979
692 849
692 1165
692 1646
693 1367
693 1594
693 1890
693 1938
694 1246
694 1266
694 1638
694 1648
694 1653
694 1762
695 740
695 836
695 1081
695 1450
695 1455
695 1546
696 1210
696 1520
697 1033
697 1540
698 1194
698 1293
698 1427
699 1310
699 1335
699 1557
699 1994
700 856
700 1058
700 1560
700 1961
701 1120
702 859
702 1027
702 1171
702 1504
702 1702
702 1890
702 1953
703 1369
704 738
704 775
704 1696
705 1043
706 815
706 1392
707 1133
707 1172
707 1204
707 1392
707 1640
708 715
708 851
708 929
708 1306
708 1370
709 821
709 958
710 968
710 1439
710 1635
710 1730
710 1839
711 1072
711 1156
711 1362
711 1475
711 1710
711 1897
711 1937
712 850
712 994
712 1207
712 1375
712 1436
712 1957
713 1788
714 1602
714 1881
714 1953
715 979
715 1159
715 1258
715 1265
715 1317
715 1458
715 1510
715 1555
716 844
716 890
717 1327
717 1554
717 1730
717 1824
717 1863
717 1928
718 860
718 1149
718 1410
718 1450
718 1556
718 1595
718 1819
718 1885
719 876
719 922
719 1276
719 1972
720 906
720 1056
720 1339
720 1951
721 1382
721 1778
722 876
722 933
722 986
722 1542
722 1612
722 1652
722 1995
723 780
723 1035
723 1130
723 1166
723 1230
724 1152
724 1552
724 1923
724 1928
725 1302
725 1798
726 1806
727 920
727 1371
727 1916
728 990
728 1007
728 1164
728 1257
729 1245
729 1332
729 1510
729 1547
729 1715
730 828
730 1068
730 1854
732 741
732 1756
732 1860
732 1990
733 1639
733 1642
733 1653
733 1938
734 998
734 1203
734 1274
734 1682
735 752
735 1080
735 1082
735 1989
735 1995
736 1029
736 1500
737 1342
738 1312
738 1422
739 817
739 839
739 856
739 1116
739 1141
739 1164
739 1636
739 1913
739 1941
740 984
740 1113
740 1654
740 1815
741 1421
741 1441
741 1617
741 1735
742 853
742 1569
742 1865
742 1997
743 1078
743 1131
743 1187
743 1388
743 1521
743 1589
744 761
744 838
744 931
744 1278
744 1667
745 1146
745 1355
746 922
746 1223
746 1318
746 1335
747 835
747 1327
747 1535
748 856
748 1013
748 1053
748 1615
748 1781
748 1966
749 1417
749 1512
749 1741
749 1767
749 1806
750 1165
750 1240
750 1340
750 1403
750 1557
751 1003
751 1612
751 1617
751 1817
751 1846
752 978
752 1300
752 1859
752 1922
753 769
753 950
753 1188
753 1445
753 1632
754 769
754 1043
754 1065
754 1099
754 1618
754 1660
754 1996
755 784
755 1081
755 1130
755 1186
756 930
756 1130
757 976
757 1519
758 892
758 953
758 1197
758 1651
758 1801
759 1224
759 1995
761 789
761 879
761 1130
761 1853
762 890
762 958
762 997
762 1764
762 1934
763 834
763 1173
763 1292
763 1496
764 964
764 1024
764 1101
764 1409
764 1475
764 1730
764 1931
765 1047
765 1415
765 1611
765 1762
765 1789
766 1033
766 1095
766 1369
766 1690
767 1895
767 1925
767 1997
768 979
768 1377
768 1407
768 1435
768 1836
769 910
769 1281
769 1286
770 1035
770 1267
770 1388
770 1436
770 1442
770 1866
771 1051
771 1957
772 928
772 1213
772 1450
772 1785
772 1895
772 1969
773 1097
773 1155
774 936
774 977
774 1561
775 1113
775 1232
775 1274
775 1366
775 1443
775 1501
775 1680
776 1201
776 1539
776 1615
776 1764
777 1583
778 916
778 1763
779 1549
779 1650
780 869
780 889
780 1209
780 1706
780 1994
781 1016
781 1118
781 1817
782 1353
782 1623
782 1693
782 1700
782 1822
782 1957
783 922
783 1275
783 1346
783 1744
783 1836
784 931
784 1476
784 1786
784 1970
785 1322
785 1381
785 1400
785 1673
785 1903
786 1092
786 1629
786 1770
786 1802
787 1591
787 1784
788 816
788 1076
789 1026
789 1106
790 1526
791 1032
791 1334
791 1518
791 1524
792 799
792 1504
792 1833
792 1848
792 1974
793 833
793 997
793 999
793 1281
794 916
794 1180
794 1376
795 1428
795 1490
795 1593
795 1787
795 1796
796 1142
796 1241
796 1486
796 1913
796 1915
796 1998
797 911
797 1712
798 1072
798 1887
799 1411
799 1514
799 1539
799 1881
800 864
800 970
800 1432
800 1952
801 1345
801 1482
801 1970
802 1804
803 1547
803 1819
804 1433
804 1824
805 865
805 964
805 1093
805 1120
805 1404
805 1592
806 960
806 1304
806 1589
806 1752
806 1984
807 951
807 1700
807 1864
808 1040
808 1048
808 1349
808 1417
809 1487
809 1768
810 950
810 1353
810 1862
810 1982
811 812
811 846
811 1487
811 1758
811 1971
812 1131
812 1644
813 1033
814 1123
814 1179
814 1393
814 1772
814 1908
814 1975
815 1062
815 1236
815 1357
815 1453
815 1469
815 1603
815 1872
816 834
816 1013
816 1320
816 1737
817 1471
817 1697
817 1789
818 851
818 953
818 1337
818 1693
818 1888
819 1298
819 1344
819 1499
819 1898
820 874
820 1379
820 1651
820 1844
821 1232
821 1620
822 1616
822 1736
823 936
823 1138
823 1419
823 1514
823 1813
824 1501
824 1605
824 1841
824 1918
825 1308
825 1380
825 1649
825 1671
826 1243
826 1963
827 924
827 1229
828 1925
828 1954
829 1300
829 1560
829 1604
830 970
830 1105
830 1167
830 1553
830 1596
830 1620
830 1887
830 1918
832 1655
832 1938
833 1262
834 1177
834 1529
834 1625
834 1923
835 1726
835 1875
835 1969
835 1992
836 969
836 1194
836 1655
837 1088
837 1166
837 1543
837 1690
837 1883
838 1053
838 1261
838 1428
838 1474
838 1573
838 1699
838 1734
838 1784
838 1798
839 1054
840 1073
840 1099
840 1352
840 1707
842 1106
843 1228
843 1844
844 1695
844 1743
844 1818
844 1834
845 1445
845 1449
845 1452
845 1727
845 1990
846 1117
846 1213
846 1322
846 1788
846 1800
847 879
847 1437
847 1695
848 893
848 1191
849 927
849 991
849 1030
849 1076
849 1504
849 1672
850 1560
850 1692
850 1809
851 869
851 896
851 1028
851 1260
851 1407
851 1799
851 1813
851 1870
852 883
852 1193
852 1223
852 1620
852 1867
852 1949
853 991
853 1033
854 919
854 997
854 998
854 1604
854 1722
854 1729
854 1939
855 1610
856 1315
856 1658
856 1788
856 1866
857 946
857 1317
857 1494
857 1630
859 932
859 994
859 1158
860 1165
861 1016
861 1770
862 867
862 1467
862 1708
862 1821
863 1208
863 1231
864 1024
864 1476
865 1025
865 1533
866 989
866 1162
866 1250
867 1410
867 1680
867 1753
868 939
868 1157
868 1631
869 1245
870 914
870 1102
870 1135
870 1198
870 1378
870 1607
871 1034
871 1081
871 1096
871 1104
871 1273
872 982
872 1127
872 1237
872 1283
872 1387
872 1561
872 1620
872 1661
873 925
873 1064
873 1084
873 1349
873 1836
873 1939
874 1338
874 1441
874 1628
875 1794
875 1936
876 1040
876 1359
876 1413
876 1796
876 1882
877 909
877 1194
877 1278
877 1744
877 1784
878 1128
878 1319
879 1020
879 1159
879 1160
879 1234
879 1749
879 1820
879 1968
880 1165
880 1612
881 1252
881 1424
881 1770
881 1958
882 1951
883 1269
883 1737
883 1964
884 1088
884 1171
884 1177
884 1335
884 1443
884 1681
884 1747
884 1768
885 1222
885 1414
885 1717
885 1729
886 993
887 1015
887 1451
887 1695
888 1953
889 1437
889 1700
889 1780
889 1828
890 1364
890 1660
890 1816
890 1890
891 1194
891 1212
891 1235
892 988
892 1389
893 950
893 1565
893 1566
894 1200
894 1256
894 1274
894 1575
894 1660
894 1692
896 1411
896 1737
896 1768
896 1945
897 1378
897 1453
897 1573
897 1589
897 1683
898 1112
898 1329
898 1693
899 1877
900 1146
900 1560
900 1672
900 1931
901 1204
901 1382
901 1745
901 1884
902 1191
903 1017
903 1314
903 1454
903 1895
904 1171
904 1882
904 1946
905 1402
905 1803
905 1995
906 1025
906 1158
906 1196
906 1477
906 1710
906 1849
907 1589
908 1792
909 1212
910 941
910 971
910 1363
910 1709
911 1564
911 1956
912 1586
913 966
913 1990
914 1202
915 923
915 1082
915 1167
915 1595
915 1668
915 1781
915 1816
915 1963
916 1182
916 1858
916 1897
916 1956
917 930
917 1127
917 1170
917 1362
917 1391
917 1501
917 1873
918 1494
918 1632
918 1675
920 1045
920 1185
920 1314
921 1620
921 1729
921 1926
922 1070
922 1804
923 1001
923 1367
923 1515
923 1579
924 1458
925 1237
925 1436
925 1570
925 1792
925 1821
926 1081
926 1098
926 1305
927 1011
927 1758
927 1855
927 1962
928 1189
928 1227
928 1505
928 1690
929 1111
929 1165
929 1867
930 955
930 1099
930 1175
930 1490
931 1048
931 1307
931 1457
931 1562
932 991
932 1039
932 1514
932 1518
932 1676
932 1913
933 943
933 957
933 1983
934 1069
934 1369
934 1549
934 1749
935 990
935 1688
935 1805
936 1292
937 987
937 1453
938 1300
938 1361
938 1656
939 982
939 1085
939 1877
940 1283
941 956
941 1505
941 1685
941 1939
942 1222
942 1242
942 1451
942 1612
942 1741
943 1544
943 1834
943 1872
944 1753
945 1144
945 1209
945 1490
945 1951
946 1069
946 1127
946 1458
946 1606
946 1636
947 1108
947 1344
947 1440
947 1751
947 1775
947 1812
947 1907
949 1299
950 1247
950 1774
950 1867
951 1168
951 1274
951 1704
951 1961
952 1369
952 1378
953 1230
954 1074
954 1443
954 1877
954 1929
955 1028
955 1464
955 1526
955 1562
955 1711
956 963
956 1619
956 1963
957 1086
957 1127
957 1242
957 1550
957 1762
958 1218
958 1271
958 1878
959 1073
959 1184
959 1414
959 1457
959 1921
960 1099
960 1280
960 1370
960 1485
960 1495
960 1914
961 1367
961 1452
961 1886
962 1088
962 1111
962 1591
963 1562
963 1786
964 1717
964 1951
964 1965
965 1363
965 1717
965 1805
965 1826
966 1187
966 1644
966 1889
967 974
967 1430
967 1467
967 1515
967 1869
969 1085
969 1303
969 1312
969 1408
969 1753
969 1766
970 1928
971 1004
971 1801
971 1859
972 1117
972 1118
972 1394
972 1504
972 1952
973 1520
973 1535
974 1134
974 1474
974 1593
974 1819
975 1247
975 1710
976 1093
976 1290
976 1538
976 1540
976 1855
977 1170
977 1201
977 1219
978 1215
978 1730
979 1051
979 1149
979 1214
979 1299
979 1310
979 1449
979 1870
979 1953
980 1232
980 1596
980 1780
980 1832
981 1271
981 1351
981 1478
981 1850
982 1199
982 1701
982 1916
983 1029
983 1251
983 1971
983 1981
984 1044
984 1289
984 1417
984 1573
984 1720
985 1051
985 1866
986 1761
986 1817
986 1844
987 1072
987 1132
987 1253
987 1331
988 1173
988 1852
989 1124
989 1477
989 1578
989 1957
990 1427
990 1909
991 1540
991 1560
991 1756
991 1908
992 1016
992 1199
992 1391
992 1653
992 1681
992 1915
993 1027
993 1204
993 1566
994 1080
994 1134
994 1793
994 1938
995 1071
995 1459
995 1896
996 1372
996 1395
996 1619
996 1724
996 1957
997 1113
997 1420
997 1423
997 1652
998 1197
999 1178
999 1701
999 1752
1000 2000
1001 1165
1001 1588
1001 1716
1001 1909
1001 1976
1002 1624
1002 1802
1002 1811
1003 1589
1004 1044
1004 1184
1004 1283
1004 1308
1004 1703
1004 1749
1006 1130
1006 1504
1006 1710
1006 1724
1006 1793
1006 1829
1006 1882
1007 1298
1007 1568
1007 1891
1007 1892
1007 1965
1008 1238
1008 1302
1009 1705
1009 1958
1010 1188
1010 1255
1010 1547
1010 1792
1011 1873
1012 1049
1012 1063
1012 1476
1012 1786
1013 1097
1013 1177
1013 1402
1013 1543
1014 1705
1015 1266
1015 1500
1016 1108
1016 1170
1016 1373
1016 1473
1016 1688
1016 1847
1017 1250
1017 1639
1017 1675
1017 1763
1018 1101
1018 1747
1019 1063
1019 1693
1019 1712
1019 1780
1019 1980
1020 1631
1021 1152
1021 1647
1022 1463
1022 1901
1023 1181
1023 1848
1023 1897
1023 1926
1024 1190
1024 1764
1025 1175
1025 1541
1025 1658
1025 1675
1026 1071
1027 1740
1028 1390
1028 1615
1028 1894
1028 1945
1029 1541
1029 1760
1031 1097
1031 1494
1031 1665
1031 1897
1032 1452
1032 1479
1032 1646
1032 1817
1032 1862
1033 1201
1033 1360
1033 1366
1033 1494
1033 1535
1033 1648
1034 1057
1034 1422
1034 1506
1034 1516
1035 1377
1035 1390
1035 1745
1036 1082
1036 1203
1036 1623
1036 1907
1037 1157
1037 1630
1038 1505
1038 1565
1038 1804
1039 1074
1039 1407
1040 1276
1040 1284
1040 1375
1040 1668
1040 1943
1040 1979
1041 1086
1041 1340
1041 1547
1042 1049
1042 1346
1042 1389
1042 1644
1042 1755
1043 1136
1043 1226
1043 1549
1043 1553
1043 1661
1044 1198
1044 1557
1044 1597
1044 1825
1045 1308
1045 1517
1045 1584
1045 1723
1045 1857
1045 1946
1045 1953
1045 1980
1046 1306
1046 1326
1046 1870
1046 1882
1046 1972
1047 1376
1047 1469
1047 1483
1047 1576
1047 1814
1048 1461
1049 1373
1049 1420
1049 1603
1049 1838
1050 1217
1050 1409
1050 1512
1050 1697
1050 1838
1051 1863
1052 1641
1052 1730
1053 1621
1053 1724
1055 1244
1055 1255
1055 1469
1056 1284
1056 1323
1056 1461
1056 1742
1057 1290
1058 1142
1058 1250
1058 1415
1058 1940
1059 1369
1059 1750
1059 1913
1060 1198
1060 1419
1060 1738
1061 1112
1061 1206
1061 1228
1061 1543
1061 1723
1062 1495
1062 1683
1062 1750
1062 1902
1062 1937
1063 1928
1063 1954
1064 1103
1064 1307
1064 1960
1065 1068
1065 1688
1065 1852
1065 1899
1065 1977
1065 1984
1066 1371
1066 1576
1066 1744
1066 1852
1066 1869
1067 1528
1067 1619
1067 1782
1067 1794
1068 1196
1068 1269
1068 1497
1069 1323
1069 1502
1069 1720
1069 1738
1069 1838
1069 1925
1070 1257
1070 1329
1070 1638
1071 1214
1071 1864
1072 1199
1072 1546
1072 1824
1072 1966
1073 1138
1073 1730
1074 1320
1074 1705
1075 1306
1075 1618
1076 1335
1076 1378
1076 1521
1076 1639
1076 1807
1077 1295
1077 1554
1077 1647
1078 1376
1078 1456
1079 1130
1080 1196
1080 1525
1080 1526
1080 1778
1081 1128
1081 1487
1081 1905
1082 1182
1082 1684
1082 1879
1083 1858
1084 1678
1084 1777
1084 1983
1085 1129
1085 1188
1085 1761
1085 1992
1086 1213
1086 1237
1086 1672
1086 1901
1086 1934
1086 1997
1087 1095
1087 1283
1087 1390
1087 1442
1087 1732
1087 1823
1088 1733
1088 1742
1088 1868
1089 1198
1089 1422
1089 1501
1089 1778
1089 1891
1090 1344
1090 1606
1090 1743
1090 1873
1091 1519
1091 1794
1091 1818
1091 1849
1092 1096
1092 1791
1093 1377
1093 1682
1093 1851
1093 1920
1093 1965
1093 1969
1094 1135
1094 1388
1094 1765
1095 1119
1095 1296
1095 1699
1095 1914
1095 1929
1096 1113
1096 1325
1096 1682
1096 1779
1096 1903
1097 1272
1097 1981
1098 1326
1098 1387
1098 1591
1098 1670
1098 1807
1099 1161
1099 1209
1099 1434
1099 1559
1099 1867
1100 1503
1100 1660
1100 1675
1100 1744
1100 1765
1101 1819
1101 1864
1103 1443
1103 1885
1104 1338
1104 1443
1104 1602
1104 1968
1105 1404
1105 1418
1105 1604
1105 1634
1106 1317
1107 1377
1107 1623
1107 1681
1107 1760
1108 1132
1109 1182
1109 1273
1109 1381
1110 1366
1112 1262
1112 1528
1112 1546
1112 1759
1113 1503
1113 1588
1113 1630
1113 1657
1113 1743
1114 1371
1114 1374
1114 1503
1116 1613
1116 1746
1117 1540
1117 1654
1117 1815
1117 1961
1118 1890
1119 1381
1119 1415
1119 1616
1119 1664
1119 1694
1119 1751
1120 1191
1120 1219
1120 1842
1120 1853
1121 1132
1121 1436
1121 1594
1121 1624
1122 1175
1122 1393
1122 1721
1122 1865
1123 1230
1123 1252
1123 1336
1123 1472
1123 1868
1123 1989
1123 1999
1124 1194
1124 1590
1124 1783
1125 1195
1125 1250
1125 1427
1125 1845
1126 1301
1126 1719
1126 1729
1126 1989
1128 1461
1129 1242
1129 1586
1129 1825
1130 1915
1131 1531
1131 1683
1131 1724
1131 1847
1132 1136
1132 1157
1132 1457
1132 1671
1132 1712
1132 1860
1132 1894
1132 1902
1132 1958
1133 1242
1133 1627
1134 1507
1134 1964
1135 1316
1135 1721
1135 1748
1135 1971
1137 1941
1138 1731
1138 1817
1138 1963
1139 1259
1139 1293
1140 1153
1140 1256
1140 1319
1140 1651
1140 1900
1141 1194
1141 1577
1141 1724
1141 1935
1142 1191
1142 1495
1142 1792
1142 1803
1142 1998
1143 1153
1143 1723
1143 1737
1144 1899
1145 1463
1145 1971
1146 1224
1146 1315
1146 1388
1149 1400
1149 1602
1150 1335
1150 1399
1150 1416
1150 1732
1150 1966
1151 1583
1151 1689
1151 1795
1151 1897
1153 1195
1153 1367
1154 1600
1154 1668
1154 1901
1155 1369
1155 1803
1155 1998
1156 1271
1156 1730
1156 1853
1157 1276
1157 1812
1157 1910
1158 1168
1158 1344
1158 1901
1158 1941
1159 1433
1159 1592
1161 1274
1161 1309
1161 1483
1162 1174
1162 1253
1162 1417
1162 1447
1162 1786
1163 1177
1163 1456
1164 1254
1164 1402
1164 1504
1164 1562
1164 1867
1165 1443
1166 1427
1167 1640
1168 1172
1168 1971
1168 1985
1169 1405
1169 1617
1169 1972
1170 1269
1170 1464
1170 1566
1170 1902
1171 1708
1172 1234
1172 1318
1173 1565
1173 1622
1173 1709
1173 1897
1173 1911
1175 1369
1176 1407
1177 1239
1177 1301
1177 1416
1177 1701
1178 1269
1178 1878
1179 1263
1179 1276
1179 1857
1180 1357
1180 1652
1180 1954
1181 1219
1181 1233
1181 1687
1181 1860
1182 1743
1183 1772
1183 1840
1184 1428
1184 1435
1184 1510
1184 1738
1186 1377
1186 1612
1187 1373
1187 1482
1187 1703
1187 1920
1188 1771
1188 1847
1188 1887
1189 1334
1189 1459
1189 1556
1190 1476
1190 1546
1190 1720
1190 1735
1192 1329
1192 1454
1193 1386
1193 1680
1194 1332
1194 1406
1194 1520
1194 1707
1194 1957
1195 1333
1195 1379
1195 1455
1195 1502
1196 1234
1196 1839
1196 1976
1196 1994
1197 1600
1197 1772
1198 1991
1199 1261
1200 1831
1201 1467
1201 1899
1202 1470
1202 1580
1203 1858
1203 1919
1204 1409
1204 1657
1205 1415
1205 1604
1205 1894
1206 1479
1206 1586
1208 1241
1208 1476
1208 1610
1209 1578
1210 1481
1210 1744
1210 1881
1210 1998
1211 1300
1211 1369
1212 1418
1212 1507
1212 1830
1213 1214
1213 1310
1214 1336
1214 1354
1214 1526
1215 1222
1216 1608
1216 1930
1219 1654
1219 1871
1220 1368
1220 1511
1220 1517
1220 1979
1221 1317
1221 1333
1221 1465
1221 1483
1222 1223
1222 1825
1224 1245
1224 1286
1224 1588
1225 1323
1225 1395
1226 1468
1226 1769
1226 1930
1227 1457
1227 1990
1228 1544
1228 1624
1228 1862
1228 1966
1229 1301
1230 1714
1230 1874
1231 1413
1231 1420
1231 1527
1231 1829
1232 1451
1232 1760
1233 1366
1233 1401
1234 1703
1234 1997
1235 1377
1236 1322
1236 1414
1236 1611
1236 1823
1236 1831
1237 1294
1237 1443
1237 1826
1237 1961
1238 1360
1238 1857
1239 1399
1239 1412
1239 1584
1239 1844
1239 1916
1240 1574
1240 1738
1241 1730
1243 1483
1243 1697
1244 1281
1244 1376
1244 1657
1245 1388
1245 1742
1245 1871
1245 1943
1246 1529
1247 1420
1248 1487
1248 1549
1249 1404
1249 1499
1250 1469
1250 1542
1250 1961
1251 1412
1253 1469
1253 1928
1254 1631
1255 1426
1255 1465
1255 1759
1256 1662
1256 1782
1256 1862
1258 1383
1258 1572
1258 1809
1258 1868
1260 1724
1260 1760
1261 1626
1261 1643
1261 1919
1261 1991
1262 1554
1263 1383
1263 1418
1264 1293
1264 1533
1264 1535
1264 1600
1265 1616
1265 1670
1265 1894
1267 1496
1267 1845
1267 1974
1268 1454
1268 1533
1268 1758
1268 1985
1268 1998
1269 1667
1269 1693
1269 1874
1269 1956
1270 1673
1271 1378
1271 1578
1272 1741
1273 1293
1273 1543
1273 1852
1273 1930
1273 1977
1275 1861
1276 1541
1277 1419
1277 1505
1277 1632
1277 1771
1278 1457
1280 1788
1280 1981
1280 1984
1281 1332
1281 1908
1282 1382
1282 1475
1282 1478
1282 1573
1282 1624
1282 1911
1283 1502
1283 1525
1283 1979
1284 1425
1285 1601
1286 1359
1286 1472
1286 1563
1287 1310
1288 1491
1289 1534
1289 1551
1290 1810
1290 1846
1290 1868
1290 1949
1291 1610
1291 1663
1291 1874
1291 1946
1292 1419
1292 1876
1292 1909
1292 1917
1293 1505
1293 1972
1294 1369
1294 1816
1294 1856
1295 1465
1295 1679
1295 1856
1295 1858
1296 1343
1296 1388
1296 1942
1296 1951
1297 1331
1297 1739
1298 1752
1298 1908
1299 1637
1300 1388
1300 1466
1300 1570
1300 1930
1301 1397
1302 1904
1302 1939
1303 1362
1303 1909
1304 1611
1304 1755
1304 1770
1305 1550
1305 1953
1306 1492
1306 1727
1306 1766
1306 1822
1307 1374
1307 1383
1307 1804
1308 1419
1308 1422
1310 1564
1310 1693
1311 1602
1311 1736
1311 1904
1313 1681
1313 1687
1313 1854
1314 1592
1315 1796
1316 1426
1316 1649
1316 1757
1316 1777
1316 1842
1317 1424
1317 1573
1317 1749
1317 1761
1317 1912
1318 1571
1318 1581
1319 1747
1320 1599
1320 1827
1320 1942
1321 1324
1321 1408
1321 1667
1321 1740
1321 1802
1322 1374
1322 1403
1322 1863
1323 1544
1323 1616
1323 1914
1323 1966
1324 1476
1324 1832
1324 1990
1325 1955
1326 1510
1326 1640
1326 1971
1327 1635
1328 1396
1328 1572
1329 1599
1330 1518
1330 1982
1331 1723
1331 1921
1331 1966
1332 1335
1332 1396
1332 1445
1333 1434
1333 1800
1333 1958
1334 1462
1334 1472
1334 1537
1334 1621
1334 1637
1334 1873
1335 1890
1335 1906
1336 1557
1336 1981
1337 1384
1337 1654
1337 1756
1338 1426
1338 1769
1339 1487
1340 1425
1340 1730
1340 1742
1340 1777
1341 1824
1341 1974
1342 1693
1343 1874
1343 1929
1344 1910
1345 1444
1345 1450
1346 1398
1346 1741
1346 1748
1347 1400
1347 1477
1347 1486
1347 1737
1349 1507
1349 1950
1351 1516
1351 1762
1352 1614
1352 1652
1353 1455
1353 1609
1354 1411
1354 1824
1356 1565
1356 1832
1357 1489
1357 1953
1359 1554
1359 1629
1359 1699
1359 1940
1360 1497
1360 1577
1361 1370
1362 1505
1364 1745
1365 1394
1365 1421
1365 1747
1366 1480
1366 1553
1366 1787
1367 1484
1367 1600
1368 1458
1368 1521
1368 1985
1369 1598
1369 1823
1369 1840
1370 1897
1371 1508
1372 1553
1372 1562
1372 1764
1373 1601
1375 1448
1376 1719
1377 1450
1377 1680
1377 1974
1378 1379
1378 1734
1379 1478
1379 1669
1380 1795
1380 1967
1381 1484
1381 1694
1382 1438
1382 1555
1382 1700
1382 1735
1382 1800
1383 1601
1383 1632
1385 1630
1386 1528
1386 1669
1386 1809
1386 1947
1386 1988
1387 1574
1387 1999
1388 1524
1388 1608
1388 1647
1389 1442
1389 1944
1390 1708
1390 1764
1392 1721
1393 1726
1394 1657
1396 1587
1396 1823
1397 1711
1397 1739
1398 1805
1398 1807
1399 1544
1400 1453
1400 1615
1400 1906
1401 1799
1402 1704
1403 1521
1405 1675
1405 1804
1405 1943
1405 1975
1408 1650
1408 1785
1409 1548
1409 1608
1409 1719
1409 1981
1412 1596
1413 1868
1414 1731
1415 1822
1415 1827
1416 1744
1416 1866
1417 1498
1417 1597
1420 1538
1420 1548
1420 1828
1421 1506
1423 1964
1424 1745
1425 1788
1426 1868
1428 1603
1428 1763
1428 1953
1429 1713
1429 1848
1429 1994
1430 1773
1430 1854
1430 1990
1431 1649
1432 1567
1433 1638
1433 1841
1434 1493
1434 1785
1434 1927
1435 1436
1436 1459
1436 1956
1437 1525
1437 1889
1438 1883
1439 1910
1441 1607
1441 1634
1441 1708
1441 1810
1442 1773
1443 1679
1443 1911
1444 1684
1445 1560
1446 1630
1446 1846
1447 1600
1448 1470
1448 1739
1449 1503
1449 1649
1450 1527
1450 1939
1451 1705
1452 1615
1453 1487
1453 1845
1453 1897
1453 1979
1454 1704
1454 1786
1455 1553
1455 1778
1456 1869
1460 1609
1461 1478
1461 1566
1461 1617
1461 1643
1461 1900
1464 1865
1465 1665
1465 1746
1467 1469
1467 1626
1467 1681
1467 1785
1467 1791
1467 1924
1468 1669
1469 1555
1472 1618
1473 1548
1473 1766
1474 1596
1475 1810
1475 1857
1475 1896
1477 1650
1477 1716
1478 1528
1478 1650
1478 1717
1478 1921
1479 1741
1479 1779
1480 1649
1480 1962
1481 1521
1481 1542
1481 1717
1481 1836
1483 1656
1483 1930
1485 1749
1485 2000
1486 1951
1486 1968
1487 1558
1487 1635
1487 1794
1487 1810
1490 1763
1490 1814
1490 1874
1490 1939
1492 1642
1492 1756
1492 1859
1494 1732
1494 1934
1495 1565
1495 1634
1495 1689
1496 1845
1497 1872
1498 1506
1499 1878
1499 1908
1500 1526
1500 1608
1500 1814
1500 1829
1500 1996
1501 1604
1504 1599
1504 1614
1505 1735
1506 1567
1506 1607
1508 1511
1508 1529
1508 1556
1509 1591
1510 1633
1511 1524
1511 1828
1512 1630
1512 1727
1512 1779
1512 1821
1512 1826
1513 1794
1513 1923
1514 1798
1514 1894
1514 1936
1515 1557
1515 1893
1517 1821
1520 1727
1522 1577
1526 1621
1527 1889
1528 1699
1529 1886
1529 1987
1531 1629
1532 1575
1532 1884
1532 1904
1532 1973
1533 1632
1533 1636
1533 1892
1535 1821
1536 1601
1536 1799
1537 1679
1538 1979
1541 1671
1541 1721
1541 1941
1542 1603
1542 1666
1542 1681
1542 1892
1543 1765
1544 1581
1544 1915
1545 1658
1545 1813
1545 1839
1545 1920
1545 1970
1546 1900
1547 1697
1548 1907
1549 1970
1550 1734
1550 1745
1550 1774
1551 1629
1551 1904
1552 1689
1552 1759
1553 1675
1553 1873
1554 1647
1555 1806
1555 1919
1556 1597
1556 1756
1557 1598
1557 1783
1557 1972
1558 1912
1560 1792
1560 1801
1560 1840
1560 1911
1562 1928
1562 1968
1563 1865
1564 1849
1565 1869
1565 1932
1566 1578
1566 1677
1566 1756
1566 1837
1567 1901
1567 1932
1568 1607
1568 1901
1569 1604
1569 1698
1570 1990
1571 1629
1571 1885
1571 1935
1573 1675
1574 1681
1575 1817
1575 1974
1576 1667
1576 1864
1576 1899
1577 1951
1577 1968
1577 1969
1578 1782
1579 1994
1580 1690
1580 1691
1580 1724
1583 1600
1583 1830
1583 1885
1583 1957
1584 1861
1584 1905
1584 1934
1585 1645
1585 1893
1586 1666
1586 1750
1586 1916
1587 1700
1589 1814
1589 1905
1590 1627
1590 1630
1590 1715
1591 1660
1592 1802
1593 1642
1593 1913
1594 1899
1595 1684
1596 1923
1596 1952
1597 1614
1597 1739
1597 1870
1601 1845
1602 1888
1603 1873
1604 1679
1605 1723
1605 1919
1607 1707
1607 1949
1608 1632
1608 1644
1608 1662
1608 1898
1609 1867
1609 1988
1610 1691
1611 1871
1612 1619
1612 1698
1613 1884
1615 1711
1616 1830
1617 1660
1618 1634
1619 1672
1619 1803
1619 1971
1620 1771
1620 1786
1622 1646
1623 1818
1624 1664
1624 1756
1624 1924
1627 1669
1628 1763
1629 1767
1630 1635
1630 1934
1630 1995
1631 1730
1631 1738
1631 1766
1631 1869
1631 1970
1632 1642
1632 1869
1635 1837
1636 1710
1638 1677
1638 1688
1639 1987
1640 1667
1640 1960
1641 1821
1645 1752
1646 1917
1648 1871
1650 1801
1650 1836
1651 1791
1651 1916
1651 1951
1652 1845
1653 1726
1657 1792
1659 1916
1660 1693
1662 1718
1662 1810
1662 1964
1663 1730
1663 1853
1666 1844
1667 1905
1667 1933
1668 1855
1669 1920
1670 1722
1673 1703
1673 1856
1673 1953
1674 1741
1675 1832
1675 1880
1676 1766
1676 1780
1676 1906
1676 1959
1677 1830
1677 1900
1677 1962
1683 1780
1683 1816
1684 1839
1686 1936
1686 1938
1686 1953
1688 1801
1692 1768
1696 1801
1696 1983
1697 1856
1697 1878
1698 1822
1699 1982
1701 1816
1702 1746
1703 1745
1705 1763
1705 1793
1705 1865
1710 1960
1713 1834
1714 1787
1714 1962
1717 1882
1718 1828
1718 1985
1720 1740
1720 1763
1724 1829
1724 1911
1724 1969
1724 1972
1726 1846
1729 1901
1730 1923
1731 1749
1732 1767
1732 1855
1732 1863
1732 1998
1733 1823
1735 1768
1735 1907
1738 1844
1740 1822
1740 1954
1742 1830
1744 1984
1745 1909
1746 2000
1747 1827
1747 1873
1749 1762
1749 1863
1750 1923
1752 1815
1752 1936
1753 1893
1754 1935
1756 1839
1757 1787
1759 1801
1761 1799
1761 1935
1762 1874
1763 1973
1766 1815
1767 1930
1769 1877
1770 1976
1770 1988
1778 1824
1778 1975
1788 1798
1789 1983
1795 1932
1796 1857
1798 1896
1799 1838
1805 1887
1805 1928
1806 1880
1808 1990
1810 1929
1812 1927
1813 1845
1814 1920
1815 1833
1816 1882
1816 1957
1817 1999
1818 1958
1819 1919
1821 1866
1821 1883
1823 1928
1824 1890
1824 1963
1826 1975
1828 1955
1830 1898
1835 1919
1836 1917
1846 1856
1847 1985
1849 1943
1854 1900
1856 1887
1857 1879
1861 1991
1865 1957
1870 1897
1872 1926
1877 1906
1881 1947
1882 1885
1889 1988
1893 1976
1896 1968
1898 1975
1902 1943
1904 1929
1904 1944
1904 1983
1909 1936
1910 1944
1912 1970
1914 1988
1915 1956
1915 1965
1922 1957
1930 1971
1946 1976
1999 2000
